54931
1736
7603
9405
5456
334
239
151
688
837
347
423
659
250
580
758
214
482
339
285
684
801
345
161
274
185
365
911
303
622
915
916
163
220
810
904
504
415
542
178
135
738
910
214
632
567
593
141
332
825
989
377
326
513
234
8046
2166
1024
1813
7577
2134
6602
3631
7618
1175
8998
5067
7450
4264
9872
3796
2432
112110
9875
5867
3274
6971
4988
1610
3937
5644
4973
3180
3496
1246
3896
4760
3034
2041
8299
4646
7038
19257
4351
3714
5987
1092
5631
1167
9385
5769
3546
8733
8107
7778
7283
8032
3814
100
7079
9105
7984
612
1533
4663
6671
8758
5057
5525
5333
1334
4218
1054
2993
7513
5972
5709
2008
9294
1642
5845
2662
5302
6787
9872
8036
38210
2092
6456
4698
4723
7746
662
3795
536
2783
6941
284
9729
6726
4623
4782
9146
893
7411
8242
8293
8933
4677
9048